0.600904 0.166667 -0.592285
0.525608 0.25 -0.357948
0.376206 0.375 2.16096
0.325371 0.458333 1.72125
0.205712 0.541667 1.31369
0.16473 0.666667 3.07856
0.151789 0.75 -3.11565
0.138668 0.833333 2.39495
0.137502 1.25 2.91664
0.118712 0.916667 1.74495
0.118206 1.375 -1.75462
0.117199 1.16667 2.2603
0.11256 1.54167 -1.66475
0.108149 1.45833 -1.77511
0.101715 1.66667 0.088025
0.0736763 1.79167 2.65683
0.0633109 1.04167 -3.0924
0.0480118 1.95833 2.63814
0.0434465 3.45833 0.275309
0.0420915 2.875 -0.923235
0.0373825 11.5 0.113722
0.0373817 2.33333 -0.601362
0.036365 2.125 2.87667
0.0359173 11.5833 -0.19323
0.0303248 4.5 2.62707
0.0286263 3.625 -0.981907
0.0281702 3.04167 -1.79475
0.0278012 4.08333 1.37189
0.0275683 3.375 0.589231
0.0271142 10.7917 0.758335
0.0267499 8 -0.22201
0.0263683 33.8333 -0.729718
0.0260827 11.2917 -2.18996
0.0258272 21.75 2.48438
0.0255594 12.0417 2.0975
0.0250914 4 1.34883
0.0246815 21.6667 2.71722
0.0245903 27 0.319396
0.0241624 16.625 3.01113
0.024125 3.83333 0.943488
0.0240205 13.0417 -2.85963
0.0239544 3.29167 0.312081
0.0237893 12.75 2.82187
0.0235865 2.41667 -0.631079
0.0235005 47.8333 -2.35895
0.0233932 2.70833 -0.462481
0.0233542 12.625 1.77075
0.0232847 10.6667 -1.71547
0.0229195 3.91667 1.56813
0.0227918 27.375 -2.94892
0.0225081 15.4583 0.741281
0.0224349 37.8333 -2.25212
0.0213195 38.0417 -0.828937
0.0212852 32.5833 -3.07703
0.021183 42.8333 1.49292
0.0210035 15.1667 -1.51119
0.0208677 40.4167 -1.42993
0.0208481 16.7083 3.03158
0.0206551 40.3333 -1.61957
0.0206429 3.75 0.842926
0.0205161 45.5 1.41396
0.0203864 12.125 1.5708
0.0202538 3.16667 -0.427251
0.0202347 33.5 0.110324
0.0201667 4.20833 2.26941
0.0201421 21.875 -1.88344
0.0201298 10.9167 3.09913
0.0201195 5.45833 -2.11798
